5 3
20
0.0 0.05 0.05 0.05 0.05 0.05 0.05 0.05 0.05 0.05 0.05 0.05 0.05 0.05 0.05 0.05 0.05 0.05 0.05 0.05
0.1723499127062646 0.32873278513732657 0.17352693652217904 0.4076069111762741 0.5049910374880913
0.3875879417715584 0.2478920712052379 0.6602249895335502 0.3564379892307378 0.709203045574756
1.0367170378763393 0.3549185621539159 0.8753275934468155 0.5387997776324532 0.2985503395722996
1.1262178568394248 0.8011779736820384 0.9027334561843111 0.7588908006796453 0.5917325722119499
1.2540783343693662 1.1007182485402087 1.0250192038396184 0.9566143151049252 0.6389617109756922
1.2948428253910162 1.2877383815307106 0.9693875826772925 1.0634511190201976 0.842289510026143
1.3058263793154876 0.9551524754844404 1.1479934719657365 0.997908455853263 1.0212777999137963
1.2494776382149335 1.168383216745925 1.0074755736123562 0.8754044896300199 1.0222085883262877
1.0951631924349805 1.2281880424585656 1.016167915776495 1.0794092268910835 1.1029823992060852
1.212568032353997 1.2587007304189461 0.9490647895891314 1.010740157588516 1.0541271062958375
1.12236247560749 1.2460808273652229 0.9530820555950865 1.1507611408843976 0.9623243100490945
1.1798711652874836 1.095579104588753 0.9479182836263927 1.0473721444070254 1.114779825763974
1.0558486621954803 1.2370430808021 0.9414230489309923 1.0359650415331494 0.9542430874157211
1.316411401272865 1.077083129951868 0.9540029499783103 1.0463478936805144 1.0843067756785534
1.2640253793618133 1.2677569827915514 1.0159948785382453 1.0062421574589038 0.9195592339624291
1.197069843800068 1.2085849236337414 0.9520041403382273 0.8695659853438017 1.0216278071828024
1.205685202761537 1.0773131707681507 0.8068754671224286 0.8892652212904284 1.131517319148974
1.0807752940660493 1.2145649376388212 0.9279468246696081 0.9954379681858218 0.829373986155111
1.1320624558798607 1.298550383883667 0.9772202733876415 1.0935549820873052 1.1567744447033288
1.4133915591977664 1.4552621264908436 0.9632655853785541 0.9633234638187456 1.0239193045276407
20
0.0 0.05 0.05 0.05 0.05 0.05 0.05 0.05 0.05 0.05 0.05 0.05 0.05 0.05 0.05 0.05 0.05 0.05 0.05 0.05
0.5937338190181422 0.11339693242427618 0.6400640651841244 0.3804679343358145 0.33681800755247265
0.9440667102918754 0.36213740967004393 0.7887043821594825 0.39072449225897654 0.2676111387654065
1.117553900558748 0.7548913077434383 0.9400099608403082 0.5878289403182697 0.4168500784253166
1.2903728113207482 1.0948960255005844 0.994820399280361 0.9246079577137867 0.5581540520432164
1.2712052524966653 1.2040579165396081 1.0220950950169885 1.0290454524517334 0.9223546362681941
1.23181040627346 1.2345934085462935 0.9676426951261439 1.0469379782775619 0.94385328152903
1.2048807046440777 1.1732805097470438 0.9409155252698759 1.038223377983376 1.0941249856114956
1.1805350400314294 1.1456154029739274 0.9629561737377943 1.0575049347991041 1.0796868214854782
1.15595206657849 1.1752045738490873 1.0227602030804042 1.0294015377086851 0.9847373918147104
1.2275203688089318 1.2825441435500617 0.9744870434840555 1.1042911475606911 0.9721911120931714
1.170851763168993 1.177245843089492 1.0237371277669711 1.0676534711425962 1.1335732104568987
1.1766783910857859 1.186443327108313 1.1247146803839214 1.0181303361828558 1.1025618274929097
1.217756148409101 1.2558298460026676 1.0501304005483891 1.0172730767521885 1.0212663962411734
1.1457534641124505 1.1760181671752619 0.9922052755626929 1.1248282789187392 1.111044327493532
1.2769977377787836 1.1974934295093937 1.003732655475259 1.1026543655763459 1.0841642113122267
1.161173914245179 1.2511826262345125 0.9939186609091291 1.0436778186521525 1.0752278756675244
1.1648134029092405 1.3148422738184886 1.0589958942708695 1.0835730520729057 1.0130965503864986
1.2144459183094727 1.2022913371493436 0.9815118914183951 0.9926871769631092 1.1167529688211002
1.1702700045084324 1.2160859169728193 1.0213128838987116 0.972750598907969 1.0367225927306998
1.2036367323725485 1.2413358697369392 1.1190190780367009 1.0327996746317527 0.987698836353522
20
0.0 0.05 0.05 0.05 0.05 0.05 0.05 0.05 0.05 0.05 0.05 0.05 0.05 0.05 0.05 0.05 0.05 0.05 0.05 0.05
0.8142482162969094 0.450154948707135 0.06337017424308956 0.4856875575169919 0.6131210664623205
0.7228719872476611 0.6294736354636403 0.5029401137132371 0.6865619499871654 0.6070925609731498
0.9605718857457203 0.8025006639474546 0.7896267438650371 0.6024713814870623 0.6162990102470878
1.106245856573792 0.9496812308662694 0.9211148186093364 0.8452151357537371 0.6771623549276723
1.134847223755594 1.0813838468062527 1.0724453941875434 0.9505916954262019 0.8286251520698859
1.2476356211875017 1.2261154989831136 0.929145541906579 1.0748681457921416 0.8901649976650566
1.293038198937442 1.2811724203283374 0.9678132666279264 1.0258161333718796 1.0596393548381444
1.2316217085855787 1.2148577727192003 1.0453630304448072 1.1130863379120923 1.0288962663200258
1.1604930208836668 1.2837992800804583 1.0201955304453716 0.9283268445537028 1.0159344782636839
1.230741974281655 1.1626325581159933 1.0272764093424913 1.1135517556409835 1.026979442542285
1.1253984925708225 1.3220258098441355 0.9774174558831125 1.0667636757969414 1.0177947760749406
1.291531495168239 1.212776433666736 1.0686998010793176 1.042428890398283 1.099522394837415
1.15421301072221 1.2880740382479328 0.9534406605525811 1.0290784674847597 0.9865961809700808
1.2774801068261599 1.2852099641417192 1.023874258739889 1.049343016979106 1.1000978989566623
1.092770181490749 1.2332487963734975 0.9885006952349984 1.1147176957355427 1.1243588068993826
1.215068510300645 1.1444624151855056 0.9829724583661632 1.0334006045707074 1.0775133312054959
1.2833240154845977 1.2231507042291014 1.1086627248422993 1.0786953146427605 1.027940246471027
1.16548747324497 1.2229377605032956 0.9800814082790283 1.0480039622253514 1.0839086262590072
1.269623048087141 1.2519266012787227 0.9738153369035674 1.0386616802516093 1.0310367850267683
1.306639944378798 1.1717973619062585 0.9375721854398626 1.1042304590012864 1.0533286980169603